[38;2;175;0;222m░[38;2;175;1;221m░[38;2;173;0;221m░[38;2;173;0;222m░[38;2;173;0;220m░[38;2;173;0;221m░[38;2;173;0;222m░[38;2;172;0;221m░[38;2;174;0;221m░[38;2;174;1;221m░░[38;2;173;1;219m░[38;2;174;2;219m░░[38;2;175;1;219m░[38;2;173;1;220m░[38;2;173;0;219m░░[38;2;173;1;218m░[38;2;173;0;219m░░░░░░░░[38;2;173;1;218m░░░[0m
[38;2;177;1;223m░░[38;2;174;5;220m░[38;2;181;57;218m▒[38;2;192;90;214m▒[38;2;192;89;212m▒[38;2;170;61;183m▒[38;2;162;64;166m░[38;2;153;62;139m░[38;2;160;64;156m░[38;2;157;70;153m░[38;2;150;70;128m░[38;2;155;79;144m▒[38;2;160;80;150m▒[38;2;155;74;145m▒[38;2;143;76;113m░[38;2;147;88;124m▒[38;2;150;89;128m▒[38;2;154;83;134m▒[38;2;160;86;142m▒[38;2;160;96;144m▒[38;2;170;103;156m▒[38;2;175;110;156m▒[38;2;181;124;166m▒[38;2;197;142;187m▓[38;2;202;134;200m▓[38;2;198;95;213m▒[38;2;181;29;221m░[38;2;174;0;220m░░[0m
[38;2;179;1;225m░[38;2;177;2;224m░[38;2;184;95;194m▒[38;2;177;144;120m▒[38;2;165;126;90m▒[38;2;157;118;75m▒[38;2;156;116;68m▒[38;2;153;114;66m▒[38;2;146;106;60m▒[38;2;141;101;61m▒[38;2;114;81;50m░[38;2;84;55;42m░[38;2;83;52;35m░[38;2;152;113;63m▒[38;2;153;113;60m▒[38;2;148;108;57m▒[38;2;145;105;55m▒[38;2;149;110;62m▒[38;2;96;64;46m░[38;2;82;54;37m░[38;2;116;79;46m░[38;2;153;112;63m▒[38;2;161;119;68m▒[38;2;165;121;69m▒[38;2;168;123;71m▒[38;2;174;129;79m▒[38;2;179;136;88m▒[38;2;189;137;132m▒[38;2;183;35;214m░[38;2;176;1;221m░[0m
[38;2;176;8;227m░[38;2;173;4;217m░[38;2;180;124;154m▒[38;2;150;111;67m▒[38;2;143;101;57m▒[38;2;144;103;57m▒[38;2;145;104;56m▒[38;2;137;96;47m░[38;2;106;70;38m░[38;2;74;46;28m [38;2;91;63;36m░[38;2;112;81;44m░[38;2;131;91;48m░[38;2;151;107;56m▒[38;2;150;106;55m▒[38;2;144;101;51m▒[38;2;140;98;50m░[38;2;138;96;50m░[38;2;117;81;43m░[38;2;101;70;41m░[38;2;85;57;37m░[38;2;76;46;29m░[38;2;136;95;47m░[38;2;159;113;57m▒[38;2;161;113;59m▒[38;2;168;119;66m▒[38;2;177;130;76m▒[38;2;178;130;78m▒[38;2;184;88;168m▒[38;2;179;2;223m░[0m
[38;2;150;18;224m░[38;2;169;3;220m░[38;2;174;116;150m▒[38;2;144;105;62m▒[38;2;135;95;52m░[38;2;139;99;54m▒[38;2;144;104;57m▒▒[38;2;149;121;85m▒[38;2;169;150;130m▒[38;2;182;167;153m▓[38;2;191;180;164m▓[38;2;193;177;158m▓[38;2;183;159;129m▓[38;2;159;121;74m▒[38;2;156;112;59m▒[38;2;151;112;62m▒[38;2;167;140;110m▒[38;2;184;169;155m▓[38;2;197;186;178m▓[38;2;202;192;181m▓[38;2;198;186;173m▓[38;2;188;165;140m▓[38;2;164;125;75m▒[38;2;162;115;60m▒[38;2;166;119;64m▒[38;2;174;128;72m▒[38;2;178;128;75m▒[38;2;185;111;137m▒[38;2;181;1;226m░[0m
[38;2;97;78;200m░[38;2;155;31;225m░[38;2;168;100;164m▒[38;2;135;96;63m░[38;2;125;90;48m░[38;2;127;92;49m░[38;2;128;91;48m░[38;2;145;119;99m▒[38;2;175;168;167m▓[38;2;179;174;170m▓[38;2;189;184;179m▓[38;2;194;187;182m▓[38;2;196;189;183m▓[38;2;217;210;202m▓[38;2;216;205;194m▓[38;2;153;121;85m▒[38;2;163;149;134m▒[38;2;179;171;169m▓[38;2;188;179;177m▓[38;2;175;168;164m▓[38;2;195;189;183m▓[38;2;213;207;198m▓[38;2;217;211;201m█[38;2;215;203;189m▓[38;2;171;132;83m▒[38;2;166;122;64m▒[38;2;174;128;72m▒[38;2;178;130;75m▒[38;2;186;121;122m▒[38;2;184;6;226m░[0m
[38;2;77;73;184m░[38;2;166;14;229m░[38;2;175;73;182m▒[38;2;134;94;65m░[38;2;118;84;51m░[38;2;117;83;43m░[38;2;118;81;42m░[38;2;142;127;120m▒[38;2;159;154;154m▒[38;2;166;161;161m▓[38;2;171;167;166m▓[38;2;45;40;39m [38;2;30;25;23m [38;2;167;162;153m▓[38;2;213;205;198m▓[38;2;152;129;106m▒[38;2;165;157;149m▒[38;2;166;162;160m▓[38;2;111;105;104m▒[38;2;24;20;18m [38;2;51;47;42m [38;2;200;197;188m▓[38;2;209;205;195m▓[38;2;211;203;194m▓[38;2;177;139;93m▒[38;2;167;123;65m▒[38;2;175;131;74m▒[38;2;179;132;76m▒[38;2;186;128;110m▒[38;2;186;18;225m░[0m
[38;2;48;58;147m░[38;2;119;46;204m░[38;2;139;69;190m░[38;2;117;88;103m░[38;2;112;91;88m░[38;2;111;80;60m░[38;2;114;79;44m░[38;2;118;87;60m░[38;2;132;120;114m▒[38;2;143;137;138m▒[38;2;150;144;144m▒[38;2;150;144;143m▒[38;2;157;152;148m▒[38;2;187;180;172m▓[38;2;182;164;147m▓[38;2;138;102;56m▒[38;2;135;107;75m▒[38;2;145;133;126m▒[38;2;151;143;139m▒[38;2;148;143;138m▒[38;2;169;164;157m▓[38;2;186;181;173m▓[38;2;191;181;170m▓[38;2;182;156;123m▓[38;2;166;123;68m▒[38;2;168;124;65m▒[38;2;176;130;74m▒[38;2;180;133;77m▒[38;2;183;130;97m▒[38;2;192;32;223m░[0m
[38;2;14;73;104m░[38;2;46;92;152m░[38;2;95;85;182m░[38;2;106;87;129m░[38;2;104;80;85m░[38;2;109;78;58m░[38;2;118;84;49m░[38;2;123;87;42m░[38;2;124;89;45m░[38;2;124;94;59m░[38;2;126;98;71m░[38;2;128;104;81m▒[38;2;144;116;90m▒[38;2;151;117;76m▒[38;2;138;101;52m▒[38;2;121;83;46m░[38;2;113;78;40m░[38;2;122;86;44m░[38;2;136;102;63m▒[38;2;148;116;80m▒[38;2;156;127;88m▒[38;2;164;129;87m▒[38;2;165;123;71m▒[38;2;164;121;61m▒[38;2;166;122;63m▒[38;2;167;123;64m▒[38;2;174;129;70m▒[38;2;178;131;74m▒[38;2;179;131;89m▒[38;2;195;43;220m▒[0m
[38;2;11;55;77m [38;2;19;84;110m░[38;2;42;93;138m░[38;2;87;98;139m░[38;2;88;83;115m░[38;2;98;70;70m░[38;2;119;85;48m░[38;2;129;92;45m░[38;2;134;96;47m░[38;2;135;97;48m░[38;2;134;96;48m░[38;2;142;104;54m▒[38;2;153;113;60m▒[38;2;118;82;48m░[38;2;52;23;20m [38;2;33;4;12m [38;2;34;3;12m [38;2;43;12;16m [38;2;64;30;22m [38;2;105;69;35m░[38;2;145;103;54m▒[38;2;165;121;63m▒[38;2;169;125;67m▒[38;2;168;124;65m▒[38;2;168;122;64m▒[38;2;169;123;66m▒[38;2;174;128;72m▒[38;2;178;131;75m▒[38;2;179;131;86m▒[38;2;195;45;216m▒[0m
[38;2;7;38;57m [38;2;8;44;64m [38;2;17;70;98m░[38;2;36;94;122m░[38;2;61;86;118m░[38;2;79;81;86m░[38;2;102;91;72m░[38;2;125;92;50m░[38;2;130;92;45m░[38;2;129;91;44m░[38;2;134;96;46m░[38;2;153;113;59m▒[38;2;144;105;60m▒[38;2;42;7;12m [38;2;38;3;11m [38;2;38;3;12m [38;2;39;1;12m [38;2;40;3;14m [38;2;41;3;13m [38;2;42;5;12m [38;2;85;47;27m░[38;2;138;96;47m░[38;2;166;122;64m▒[38;2;172;126;67m▒[38;2;169;123;65m▒[38;2;170;124;66m▒[38;2;174;128;72m▒[38;2;178;131;75m▒[38;2;178;130;84m▒[38;2;195;48;213m▒[0m
[38;2;12;52;71m [38;2;11;50;71m [38;2;15;58;83m [38;2;13;60;84m [38;2;24;83;111m░[38;2;35;100;129m░[38;2;58;96;122m░[38;2;82;100;125m░[38;2;117;93;81m░[38;2;129;92;57m░[38;2;138;98;56m░[38;2;158;116;60m▒[38;2;111;68;52m░[38;2;35;1;12m [38;2;37;1;11m [38;2;55;12;22m [38;2;74;22;35m [38;2;85;30;43m [38;2;81;30;40m [38;2;62;20;25m [38;2;47;8;12m [38;2;99;57;34m░[38;2;151;107;53m▒[38;2;169;125;64m▒[38;2;171;125;66m▒[38;2;171;125;67m▒[38;2;175;129;72m▒[38;2;179;131;75m▒[38;2;177;130;81m▒[38;2;194;53;208m▒[0m
[38;2;27;88;114m░[38;2;20;76;104m░[38;2;16;63;93m [38;2;10;56;77m [38;2;11;57;81m [38;2;20;82;106m░[38;2;26;104;129m░[38;2;42;113;146m░[38;2;87;107;122m░[38;2;102;91;83m░[38;2;98;100;116m░[38;2;123;100;101m▒[38;2;76;39;38m [38;2;63;31;26m [38;2;91;57;37m░[38;2;108;73;41m░[38;2;119;81;46m░[38;2;129;90;52m░[38;2;142;103;59m▒[38;2;152;113;63m▒[38;2;144;107;65m▒[38;2;121;82;48m░[38;2;134;94;45m░[38;2;166;122;62m▒[38;2;172;126;67m▒▒[38;2;176;130;74m▒[38;2;179;132;76m▒[38;2;179;131;79m▒[38;2;195;69;196m▒[0m